1
m m 3 22
2017-3-31;65.65;66.19;65.45;65.86;65.86;21001100
2017-3-30;65.42;65.98;65.36;65.71;65.71;15100400
2017-3-29;65.12;65.5;64.95;65.47;65.47;13512400
2017-3-28;64.96;65.47;64.65;65.29;65.29;20039300
2017-3-27;64.63;65.22;64.35;65.1;65.1;18550200
2017-3-24;65.36;65.45;64.76;64.98;64.98;22373200
2017-3-23;64.94;65.24;64.77;64.87;64.87;18819600
2017-3-22;64.12;65.14;64.12;65.03;65.03;20632800
2017-3-21;65.19;65.5;64.13;64.21;64.21;26191800
2017-3-20;64.91;65.18;64.72;64.93;64.93;12744200
2017-3-17;64.91;65.24;64.68;64.87;64.87;48994700
2017-3-16;64.75;64.76;64.3;64.64;64.64;20532600
2017-3-15;64.55;64.92;64.25;64.75;64.75;20501900
2017-3-14;64.53;64.55;64.15;64.41;64.41;14263700
2017-3-13;65.01;65.19;64.57;64.71;64.71;19551800
2017-3-10;65.11;65.26;64.75;64.93;64.93;19528300
2017-3-9;65.19;65.2;64.48;64.73;64.73;19772700
2017-3-8;64.26;65.08;64.25;64.99;64.99;20961700
2017-3-7;64.19;64.78;64.19;64.4;64.4;18300700
2017-3-6;63.97;64.56;63.81;64.27;64.27;17487700
2017-3-3;63.99;64.28;63.62;64.25;64.25;18135900
2017-3-2;64.69;64.75;63.88;64.01;64.01;24510900
